18909 20150911225956.151
165 20150911225956.151
89266 20150911225956.160
17954 20150911225956.162
50265 20150911225956.168
6021 20150911225956.169
12209 20150911225956.170
18729 20150911225956.172
13071 20150911225956.173
39597 20150911225956.349
19994 20150911225956.351
55044 20150911225956.369
10027 20150911225958.002
6879 20150911225958.003
12313 20150911225958.004
80327 20150911225958.022
9050 20150911225958.023
25560 20150911225958.026
4911 20150911225958.026
7078 20150911225958.027
63714 20150911225958.048
9688 20150911225958.049
30424 20150911225958.058
14176 20150911225958.059
8498 20150911225958.060
15077 20150911225958.062
9125 20150911225958.063
47936 20150911225958.083
1187 20150911225959.975
4125 20150911225959.989
18636 20150911225959.995
165 20150911225959.995
4012 20150911225959.996
9052 20150911225959.997
3497 20150911225959.997
3580 20150911225959.998
3611 20150911225959.998
2765 20150911225959.998
3803 20150911225959.999
6005 20150911225959.999
20590 20150911230000.016
5649 20150911230000.016
843 20150911230000.017
8668 20150911230000.017
6894 20150911230000.018
11198 20150911230000.019
16656 20150911230000.021
24405 20150911230000.024
1454 20150911230000.024
23072 20150911230000.029
1454 20150911230000.030
7013 20150911230000.031
18636 20150911230000.033
403 20150911230000.033
4595 20150911230000.034
116962 20150911230000.054
28327 20150911230000.058
6005 20150911230000.058
21410 20150911230000.060
11460 20150911230000.071
50339 20150911230000.076
9594 20150911230000.077
10210 20150911230000.078
3781 20150911230000.079
9260 20150911230000.080
9260 20150911230000.081
13086 20150911230000.082
6898 20150911230000.091
8278 20150911230000.092
34834 20150911230000.095
11895 20150911230000.097
13995 20150911230000.098
16045 20150911230000.100
6514 20150911230000.101
42447 20150911230000.234
19315 20150911230000.236
81702 20150911230000.245
45405 20150911230000.252
8049 20150911230000.253
9934 20150911230000.254
9998 20150911230000.255
19847 20150911230000.257
9614 20150911230000.258
9934 20150911230000.259
8438 20150911230000.260
6005 20150911230000.261
57227 20150911230000.282
9466 20150911230000.283
22419 20150911230000.284
12409 20150911230000.284
6005 20150911230000.285
6005 20150911230000.285
7219 20150911230000.286
6005 20150911230000.286
15425 20150911230000.287
63501 20150911230000.296
16325 20150911230000.298
14031 20150911230000.299
52002 20150911230000.305
67676 20150911230000.328
14290 20150911230000.475
47777 20150911230000.492
5417 20150911230000.493
62026 20150911230000.500
69336 20150911230000.507
7785 20150911230000.512
13072 20150911230000.513
911 20150911230000.514
239 20150911230000.514
28344 20150911230000.517
911 20150911230000.517
2450 20150911230000.517
1439 20150911230000.518
239 20150911230000.518
165 20150911230000.518
5303 20150911230000.519
15096 20150911230000.520
3573 20150911230000.520
14913 20150911230000.522
1325 20150911230000.549
5160 20150911230002.153
16908 20150911230002.155
80139 20150911230002.179
16705 20150911230002.181
9474 20150911230002.182
6005 20150911230002.183
15041 20150911230002.184
5596 20150911230002.186
12655 20150911230002.187
86908 20150911230002.201
41795 20150911230002.206
6005 20150911230002.207
5304 20150911230002.214
45706 20150911230002.219
6733 20150911230002.220
14824 20150911230002.222
17594 20150911230002.224
11153 20150911230002.225
2321 20150911230002.226
4852 20150911230002.227
22407 20150911230002.234
4984 20150911230002.235
12687 20150911230002.237
3180 20150911230002.238
4366 20150911230002.239
32982 20150911230002.242
4389 20150911230002.243
62492 20150911230002.259
110837 20150911230002.399
835 20150911230002.400
2450 20150911230002.401
1387 20150911230002.402
4119 20150911230002.403
38497 20150911230002.406
428 20150911230002.406
2766 20150911230002.408
12102 20150911230002.409
79864 20150911230002.419
6005 20150911230002.420
90356 20150911230002.430
6005 20150911230002.434
6005 20150911230002.435
10548 20150911230002.437
20742 20150911230002.440
13595 20150911230002.441
6005 20150911230002.442
7216 20150911230002.442
25756 20150911230002.444
25543 20150911230002.446
20117 20150911230002.447
6005 20150911230002.448
6899 20150911230002.449
7041 20150911230002.450
38931 20150911230002.457
64839 20150911230002.464
12747 20150911230002.466
6005 20150911230002.466
110149 20150911230002.655
112190 20150911230002.668
4352 20150911230002.669
5817 20150911230002.669
6005 20150911230002.670
6005 20150911230002.671
96222 20150911230002.681
5099 20150911230002.683
31139 20150911230002.686
28041 20150911230002.689
2302 20150911230002.692
6270 20150911230004.328
13714 20150911230004.329
73315 20150911230004.343
20145 20150911230004.346
11373 20150911230004.347
8209 20150911230004.348
51475 20150911230004.354
6836 20150911230004.362
52878 20150911230004.368
8722 20150911230004.369
105694 20150911230004.388
6005 20150911230004.388
5385 20150911230004.389
16414 20150911230004.391
11169 20150911230004.392
5859 20150911230004.393
11396 20150911230004.394
10072 20150911230004.395
3071 20150911230004.396
27727 20150911230004.400
9689 20150911230004.401
45508 20150911230004.406
5143 20150911230004.407
580 20150911230004.407
9804 20150911230004.408
12275 20150911230004.409
7548 20150911230004.415
367 20150911230004.416
34381 20150911230004.419
15696 20150911230004.427
14427 20150911230004.428
31527 20150911230004.571
53211 20150911230004.577
6313 20150911230004.578
4417 20150911230004.580
16519 20150911230004.582
44524 20150911230004.586
369 20150911230004.587
17074 20150911230004.588
50596 20150911230004.594
53968 20150911230004.602
6614 20150911230004.603
12252 20150911230004.604
685 20150911230004.604
16469 20150911230004.606
104690 20150911230004.624
8522 20150911230004.625
76002 20150911230004.634
4850 20150911230004.634
6005 20150911230004.638
6034 20150911230004.639
7600 20150911230004.639
3199 20150911230004.640
23348 20150911230004.642
5167 20150911230004.644
20009 20150911230004.645
65884 20150911230004.813
10219 20150911230004.814
9470 20150911230004.816
10432 20150911230004.818
5405 20150911230004.819
6005 20150911230004.822
12569 20150911230004.824
137317 20150911230004.841
9851 20150911230004.842
60718 20150911230004.849
6005 20150911230004.850
16669 20150911230004.852
26492 20150911230004.857
5937 20150911230004.860
4677 20150911230004.862
15633 20150911230004.863
5741 20150911230004.864
42568 20150911230004.866
15453 20150911230004.868
18008 20150911230004.869
13075 20150911230004.870
11800 20150911230004.872
5621 20150911230004.877
54555 20150911230004.900
156895 20150911230005.068
37759 20150911230005.072
4475 20150911230005.073
43707 20150911230005.079
25313 20150911230005.082
10686 20150911230005.083
4109 20150911230005.084
4027 20150911230005.085
4133 20150911230005.086
2982 20150911230005.086
6439 20150911230005.087
14360 20150911230005.088
4615 20150911230005.089
5784 20150911230005.089
6827 20150911230005.096
57003 20150911230005.102
19762 20150911230005.105
10954 20150911230005.106
38778 20150911230005.110
11240 20150911230005.111
9081 20150911230005.116
55936 20150911230005.122
15116 20150911230005.124
57289 20150911230005.130
16511 20150911230005.132
18891 20150911230005.143
93219 20150911230005.314
77276 20150911230005.332
6021 20150911230005.333
19259 20150911230005.345
14956 20150911230006.635
20736 20150911230006.637
6005 20150911230006.638
24596 20150911230006.640
32207 20150911230006.663
106075 20150911230006.669
44198 20150911230006.679
11818 20150911230006.680
5185 20150911230006.681
4281 20150911230006.682
6998 20150911230006.682
13041 20150911230006.684
1965 20150911230006.684
10186 20150911230006.685
6005 20150911230006.685
5023 20150911230006.695
5023 20150911230006.696
122344 20150911230006.709
113790 20150911230006.722
9219 20150911230006.724
5490 20150911230006.724
6005 20150911230006.725
5327 20150911230006.736
8652 20150911230006.737
4292 20150911230006.737
23474 20150911230006.740
25463 20150911230006.877
22746 20150911230006.880
6005 20150911230006.881
11237 20150911230006.882
5889 20150911230006.882
21855 20150911230006.885
5652 20150911230006.895
5809 20150911230006.896
10286 20150911230006.897
11491 20150911230006.898
5048 20150911230006.900
7941 20150911230006.900
17919 20150911230006.902
5460 20150911230006.910
9605 20150911230006.911
22421 20150911230006.912
30209 20150911230006.914
107636 20150911230006.923
5048 20150911230006.924
23082 20150911230006.926
5460 20150911230006.927
6005 20150911230006.928
12258 20150911230006.929
30530 20150911230006.932
14993 20150911230006.934
25185 20150911230006.937
14806 20150911230006.938
27987 20150911230006.942
11102 20150911230006.943
6005 20150911230006.943
23297 20150911230006.946
7117 20150911230006.947
5250 20150911230006.947
3746 20150911230006.948
80634 20150911230007.134
16219 20150911230007.136
1856 20150911230007.136
6274 20150911230007.159
5737 20150911230008.748
905 20150911230008.749
124807 20150911230008.793
339 20150911230008.793
5737 20150911230008.794
21079 20150911230008.796
92378 20150911230008.814
233 20150911230008.816
5327 20150911230008.816
729 20150911230008.817
5793 20150911230008.817
233 20150911230008.818
6005 20150911230008.818
20495 20150911230008.828
21079 20150911230008.830
31588 20150911230008.834
90021 20150911230008.850
19118 20150911230008.852
24557 20150911230008.855
13881 20150911230008.862
20530 20150911230008.881
8324 20150911230008.881
6005 20150911230008.882
11271 20150911230008.883
19575 20150911230009.003
1551 20150911230009.003
18891 20150911230009.008
98085 20150911230009.019
67158 20150911230009.027
20230 20150911230009.038
6005 20150911230009.039
22468 20150911230009.041
10954 20150911230009.042
4634 20150911230009.043
15333 20150911230009.045
6918 20150911230009.045
5480 20150911230009.046
14876 20150911230009.048
6005 20150911230009.048
11886 20150911230009.050
77143 20150911230009.061
1187 20150911230009.062
16059 20150911230009.063
235 20150911230009.063
330 20150911230009.064
22323 20150911230009.066
165 20150911230009.066
2545 20150911230009.067
33349 20150911230009.070
7822 20150911230009.096
41885 20150911230010.867
11943 20150911230010.868
25345 20150911230010.871
8057 20150911230010.873
5728 20150911230010.873
10565 20150911230010.880
24090 20150911230010.883
19838 20150911230010.884
28760 20150911230010.888
3185 20150911230010.888
3095 20150911230010.889
5739 20150911230010.889
73076 20150911230010.904
3095 20150911230010.905
6005 20150911230010.905
7569 20150911230010.906
6590 20150911230010.907
6833 20150911230010.908
8742 20150911230010.919
13928 20150911230010.920
20359 20150911230010.922
4194 20150911230010.923
6147 20150911230010.924
12529 20150911230010.925
6842 20150911230010.926
20892 20150911230010.928
59974 20150911230010.943
41696 20150911230010.947
24608 20150911230010.950
24608 20150911230010.965
12097 20150911230010.986
6005 20150911230011.084
6506 20150911230011.085
9298 20150911230011.086
6147 20150911230011.087
15555 20150911230011.088
5574 20150911230011.089
32400 20150911230011.093
29498 20150911230011.096
4357 20150911230011.100
6822 20150911230011.101
17996 20150911230011.103
521 20150911230011.104
4536 20150911230011.104
165 20150911230011.104
40507 20150911230011.108
6881 20150911230011.109
13662 20150911230011.111
12648 20150911230011.121
14729 20150911230011.123
43394 20150911230011.128
53146 20150911230011.134
76076 20150911230011.148
6005 20150911230011.149
47226 20150911230011.154
8205 20150911230011.155
10141 20150911230011.161
516 20150911230011.161
52192 20150911230011.166
13895 20150911230011.168
165 20150911230011.168
7071 20150911230011.169
16941 20150911230011.171
21205 20150911230011.173
13480 20150911230011.195
38393 20150911230011.336
16025 20150911230011.342
7896 20150911230011.343
9640 20150911230011.344
2824 20150911230011.345
17579 20150911230011.347
13919 20150911230011.348
46782 20150911230011.363
88720 20150911230011.392
11454 20150911230013.032
14993 20150911230013.034
26727 20150911230013.037
19616 20150911230013.044
6005 20150911230013.045
2743 20150911230013.045
24851 20150911230013.048
9845 20150911230013.049
21564 20150911230013.052
33607 20150911230013.063
100967 20150911230013.074
14116 20150911230013.079
6005 20150911230013.080
6005 20150911230013.081
